points =

  491.7177  199.3487
  493.6070  120.9428
  570.1236  122.8321


M =

    0.0000    0.0000   -0.0023
   -0.0000    0.0000    0.0006
    0.0007   -0.0023    1.0000


relativeOrientation =

    0.9726   -0.1135    0.2027
    0.1487    0.9746   -0.1674
   -0.1785    0.1930    0.9648


relativeLocation =

   -0.5552   -0.1939    0.8088