
points =

   492   199
   494   121
   570   124


M =

   -0.0000   -0.0000    0.0001
   -0.0000    0.0000   -0.0038
    0.0002   -0.0102    0.9999


relativeOrientation =

   -0.2612    0.5546    0.7901
    0.6733   -0.4818    0.5608
    0.6917    0.6784   -0.2476


relativeLocation =

   -0.4641   -0.4251    0.7771