points =

   167   493
   161   419
   238   416


M =

    0.0000    0.0000   -0.0000
    0.0000    0.0000   -0.0018
   -0.0001   -0.0094    1.0000


relativeOrientation =

    0.3526   -0.3137   -0.8816
    0.9199   -0.0566    0.3880
   -0.1716   -0.9478    0.2686


relativeLocation =

   -0.4724   -0.4223    0.7736