M =

   -0.0000    0.0000   -0.0027
   -0.0000    0.0000    0.0034
    0.0011   -0.0033    1.0000


relativeOrientation =

    0.9994   -0.0280    0.0222
    0.0322    0.9757   -0.2168
   -0.0155    0.2174    0.9760


relativeLocation =

    0.2970    0.2074   -0.9321






ekierka:

M =

    0.0000    0.0000   -0.0000
   -0.0000    0.0000    0.0664
    0.0000   -0.0664    0.9956


relativeOrientation =

    1.0000   -0.0000    0.0000
    0.0000    1.0000   -0.0061
   -0.0000    0.0061    1.0000


relativeLocation =

   -1.0000   -0.0000   -0.0000