
M =

    0.0000   -0.0001    0.0351
    0.0001   -0.0000    0.0114
   -0.0274   -0.0099    0.9989


relativeOrientation =

    0.9995   -0.0294    0.0091
    0.0301    0.9958   -0.0870
   -0.0065    0.0873    0.9962


relativeLocation =

    0.6840    0.1169   -0.7201